-0.004036
-0.072304
0.058334
-0.100286
-0.066785
-0.042434
-0.040312
0.054357
0.003448
0.080539
-0.016208
-0.013377
0.031201
-0.001731
0.015830
-0.074401
-0.043615
0.006801
0.029521
0.024472
-0.012588
-0.007363
0.009776
0.028645
-0.065368
0.006014
0.073851
0.069825
0.010682
0.101030
-0.029309
-0.078162
0.043649
-0.022050
0.052630
0.042125
0.130990
-0.089052
-0.083041
0.011899
0.062690
-0.060723
0.026697
0.058852
-0.086475
-0.082848
-0.090319
-0.065078
0.053189
-0.091081
-0.094340
0.032490
-0.008406
-0.016113
-0.029831
0.024141
0.039149
0.002610
0.071786
0.027433
0.075544
-0.137269
0.080983
-0.039748
-0.018362
-0.002558
-0.000180
-0.061765
0.132047
-0.133516
0.027519
0.032922
-0.094632
0.050431
-0.006872
-0.049940
0.011720
0.017254
-0.017423
0.096502
0.025109
0.023701
-0.062684
0.072184
0.060223
0.007555
-0.002402
-0.083587
-0.073883
-0.013503
-0.006043
-0.031969
0.045745
0.111982
-0.015530
0.047547
-0.038022
0.117463
0.077294
-0.066012
-0.009019
0.047403
-0.022743
-0.016317
0.059818
0.109080
0.050636
0.006505
0.019248
0.027226
0.013014
0.027226
-0.042645
0.040890
0.116341
0.060608
-0.031345
0.025193
0.070202
-0.012981
0.002554
-0.006346
0.040645
-0.135643
-0.083512
0.047174
-0.041524
0.067483
-0.056145
0.013896
-0.038128
-0.030863
0.039037
-0.102885
0.082959
-0.100524
-0.008606
-0.038566
-0.090976
0.003989
-0.027790
0.041733
-0.058506
-0.076446
0.010526
0.066962
-0.069709
0.032230
0.001187
0.005047
0.017395
0.110777
-0.021550
-0.001499
0.030379
-0.058639
-0.003672
-0.047994
-0.017521
-0.043914
-0.022484
-0.107100
-0.092339
-0.048890
-0.030333
0.098107
0.121700
-0.057204
0.126139
0.062894
0.077594
0.019860
-0.108584
-0.034178
0.042960
-0.053700
0.049510
0.076871
0.051201
0.073942
0.014416
-0.015672
-0.049629
-0.040559
-0.039226
-0.002282
-0.002178
-0.097611
0.006897
-0.043575
-0.021909
-0.071097
-0.054012
-0.003669
-0.110042
0.096099
0.036537
-0.124471
-0.112783
-0.067524
-0.065855
0.100119
-0.053933
0.088574
-0.098725
0.158916
-0.085938
-0.099204
0.038544
-0.050101
-0.039233
0.112696
-0.055178
0.005351
0.064205
0.123149
-0.097793
-0.012018
-0.046893
0.056867
0.031354
0.044234
0.010912
-0.055227
0.125605
-0.090009
0.043697
0.054844
0.069527
-0.020209
-0.049954
0.050659
-0.064405
0.019487
0.081399
0.003600
-0.072615
0.034237
-0.044289
-0.066434
-0.145469
-0.000793
-0.135540
0.042584
0.065409
-0.046605
0.024564
-0.098293
-0.014672
-0.052206
0.027151
0.057292
0.073529
-0.037581
-0.023086
-0.025396
