0.041153
-0.060597
0.046809
-0.024303
-0.112454
-0.026137
0.024974
-0.028575
-0.000434
0.012431
-0.006401
-0.018081
-0.110864
0.017816
0.053662
-0.060949
-0.018448
0.069146
0.016987
0.027774
-0.060046
-0.047007
-0.078713
0.029313
-0.008104
-0.078884
0.040984
0.022206
-0.017448
0.045280
-0.031685
-0.059422
0.054444
-0.065623
0.020846
0.047806
0.122645
-0.016081
-0.047802
-0.042874
0.024324
-0.044345
0.012808
0.082989
-0.039390
-0.059679
-0.004510
-0.042558
0.042748
-0.011783
-0.068606
0.003556
0.070630
-0.088787
0.073299
-0.041339
0.109998
-0.073985
-0.018479
0.026329
0.037728
-0.096700
0.092143
-0.080473
-0.050226
0.055660
0.007872
0.006297
0.171232
0.005130
0.126121
-0.006260
-0.082420
0.071941
-0.058448
-0.076948
-0.034621
-0.067040
0.012140
0.105784
0.014451
0.011075
-0.014983
-0.029413
0.027631
-0.070553
0.013671
-0.131168
-0.081747
-0.060991
-0.021919
0.002552
-0.012432
0.058606
-0.072353
0.006717
0.041460
0.116762
0.067558
-0.024601
0.018551
0.004269
-0.034491
0.024929
0.015646
0.075571
0.024605
-0.027294
0.023523
0.049865
0.006600
0.022707
0.014383
0.133792
0.068693
0.050087
0.064411
0.067158
0.021899
-0.011283
-0.062733
0.039089
0.025424
-0.049535
-0.171028
0.036029
-0.030069
0.116733
0.000614
0.016991
-0.023411
0.035310
0.025368
-0.126750
-0.003349
-0.101144
0.011730
-0.026065
-0.104182
-0.053167
-0.011342
0.024334
-0.011277
-0.067628
0.032287
0.014700
0.024331
0.072850
-0.009966
0.024010
0.032643
0.041547
-0.085130
0.083021
0.015667
-0.068366
0.073946
0.019354
-0.054595
-0.129209
0.016633
-0.035614
-0.123508
0.015104
-0.057445
0.078073
0.085641
0.032258
0.089341
0.037175
0.036517
0.028400
-0.090889
-0.097761
0.043724
-0.003944
0.107689
0.064551
0.009646
0.067129
-0.028055
-0.043971
-0.087715
-0.028152
-0.040550
-0.075521
0.068807
-0.062657
0.027025
0.038876
-0.025994
-0.057058
-0.039856
0.020157
-0.106877
-0.054558
0.033191
-0.148512
-0.034845
-0.076723
-0.052086
0.097791
-0.042338
0.104193
-0.105724
0.152201
-0.081436
-0.097334
-0.002453
-0.060155
-0.042620
0.046812
-0.089897
-0.018147
0.122204
0.025436
-0.022649
0.025517
-0.101457
0.108142
0.080431
0.039395
-0.040757
0.006705
0.138023
-0.011853
0.040541
0.032351
0.060441
-0.000079
-0.018711
0.143668
-0.015858
0.037529
-0.012812
0.021350
-0.000032
0.030449
-0.093876
-0.116300
-0.130157
0.022794
-0.120126
0.032744
-0.028734
-0.039906
-0.129199
-0.093590
-0.030085
0.020196
0.020986
0.027961
-0.039710
-0.047945
-0.016785
-0.020354
